178 195 163 214 179 
181 196 208 161 177 
139 100 92 156 145 
110 75 188 168 153 
156 133 161 169 153 


225 130 76 140 193 
207 128 121 181 174 
183 123 176 178 161 
123 124 224 175 129 
104 173 201 195 78 


191 255 143 58 118 
225 200 145 22 164 
225 187 94 53 193 
208 162 79 108 203 
156 138 80 171 197 


143 182 170 201 206 
90 145 184 177 211 
75 85 170 217 169 
111 125 166 202 196 
123 100 123 167 223 


178 187 161 120 157 
201 107 124 182 173 
105 127 149 185 162 
117 125 232 214 144 
126 210 203 144 62 


116 125 182 153 103 
102 144 206 137 175 
182 192 161 173 152 
184 161 193 167 165 
165 170 162 151 154 


198 96 144 130 222 
227 127 100 110 176 
214 145 107 140 174 
222 165 128 106 177 
159 202 163 179 113 


130 93 183 183 140 
122 131 189 155 166 
152 162 166 155 200 
192 167 161 125 162 
166 171 155 150 158 


124 176 153 176 128 
165 170 151 152 110 
133 194 112 123 153 
130 200 148 186 180 
141 207 160 147 170 


98 119 170 122 152 
139 123 85 142 144 
125 104 169 167 185 
163 192 162 184 208 
194 149 188 183 186 


131 12 115 235 196 
125 110 184 185 196 
130 229 169 149 143 
176 192 106 84 167 
226 132 98 106 158 


155 101 134 168 187 
159 139 167 188 190 
163 156 143 171 131 
154 144 120 117 193 
141 200 144 194 160 


163 207 140 178 88 
123 222 185 153 113 
154 177 160 155 152 
164 206 168 114 87 
148 163 203 174 137 


175 176 132 146 167 
164 143 139 153 173 
188 180 174 127 167 
175 197 131 54 190 
172 144 84 115 247 


131 204 129 129 183 
174 174 95 177 184 
202 91 131 160 197 
169 89 147 224 160 
100 165 187 195 105 


101 58 136 209 235 
173 46 83 143 204 
214 103 10 110 159 
244 225 117 57 119 
197 149 114 80 134 


187 107 93 67 125 
205 201 157 143 129 
180 221 213 206 137 
123 155 159 193 168 
127 127 163 137 172 


178 156 154 111 73 
167 181 218 186 135 
96 114 160 202 154 
174 167 111 214 166 
157 130 175 168 111 


156 123 167 172 193 
151 148 143 180 116 
176 198 194 128 121 
166 196 163 100 106 
140 175 183 172 147 


174 159 164 168 157 
122 170 185 176 161 
139 173 132 145 143 
161 116 160 163 106 
153 167 187 195 152 


135 158 143 226 153 
85 101 133 142 133 
87 152 166 172 213 
149 201 237 199 146 
142 184 140 132 131 


153 160 228 130 148 
88 130 221 163 177 
126 163 138 165 165 
168 146 185 103 144 
159 136 188 172 159 


184 123 106 90 157 
167 90 122 201 192 
185 228 196 199 175 
122 124 142 139 152 
122 138 146 116 179 


102 168 141 146 169 
103 142 138 194 196 
199 122 118 188 187 
165 92 97 177 203 
227 86 90 166 215 


139 208 171 140 171 
190 166 178 169 126 
141 197 116 128 154 
192 170 193 121 106 
214 166 164 176 117 


122 181 177 188 89 
158 146 160 218 186 
186 139 106 182 198 
122 145 55 121 232 
206 220 104 116 152 


169 216 176 203 209 
158 147 136 131 140 
166 170 152 102 115 
157 191 124 159 215 
150 171 149 88 142 


136 144 136 167 184 
205 213 242 226 156 
187 221 205 185 155 
140 115 102 128 99 
79 58 38 106 127 


233 173 140 59 92 
202 61 0 61 111 
118 4 111 148 171 
32 139 195 226 203 
122 173 210 232 207 


176 165 190 173 173 
159 182 162 182 161 
141 166 146 196 173 
124 128 170 186 136 
111 156 207 111 144 


158 56 84 217 204 
150 124 91 145 199 
228 104 114 185 218 
181 95 123 155 151 
165 118 76 166 202 


139 169 172 223 216 
178 169 200 168 112 
189 182 164 81 174 
164 126 110 111 125 
147 147 165 166 154 
